X Covariance Matrix:
[[ 240.21425354  -54.37445049  -49.91300972 -167.04449305    6.71011608
    95.13549119   51.86167951 -122.58958706]
 [ -54.37445049  271.21637481  -39.69264581   66.46457924  -62.78262301
  -159.33970561  -96.7188796    75.22735047]
 [ -49.91300972  -39.69264581  223.857185     46.24225037  -32.6657127
  -134.1771553   -35.12864547   21.47773363]
 [-167.04449305   66.46457924   46.24225037  345.77440281  -80.00529939
  -267.06328206  -73.29909108  128.93093316]
 [   6.71011608  -62.78262301  -32.6657127   -80.00529939  256.35235515
   -63.58037876   53.02911913  -77.05757652]
 [  95.13549119 -159.33970561 -134.1771553  -267.06328206  -63.58037876
   747.14220277    1.26270451 -219.37987674]
 [  51.86167951  -96.7188796   -35.12864547  -73.29909108   53.02911913
     1.26270451  238.6557604  -139.66264741]
 [-122.58958706   75.22735047   21.47773363  128.93093316  -77.05757652
  -219.37987674 -139.66264741  333.05367046]]
Eigenvalues:
[ 1.11554951e+03  4.85892625e+02 -8.47167977e-14  1.22955135e+02
  2.95284929e+02  1.76427142e+02  2.32097712e+02  2.28059153e+02]
Eigenvectors:
[[ 0.24216786 -0.23304127  0.35355339 -0.54650028  0.34900164  0.24263134
  -0.46008264 -0.26652539]
 [-0.2320557   0.21004915  0.35355339  0.28336041  0.66156373 -0.40750816
   0.14797794 -0.26666354]
 [-0.15104702 -0.0756895   0.35355339  0.19555006 -0.49779746 -0.46987952
  -0.57605919 -0.08822017]
 [-0.41563654  0.18098142  0.35355339 -0.49133856 -0.36828479  0.0496277
   0.45683638 -0.28510056]
 [ 0.05114387 -0.48868195  0.35355339 -0.17720876  0.0789403  -0.29622126
   0.28068609  0.65529232]
 [ 0.73015769  0.53226997  0.35355339  0.03110374 -0.15710617 -0.06932017
   0.14579398  0.08274941]
 [ 0.14350419 -0.47101419  0.35355339  0.52641965 -0.14266291  0.41459652
   0.25325285 -0.31472933]
 [-0.36823436  0.34512637  0.35355339  0.17861375  0.07634566  0.53607356
  -0.2484054   0.48319727]]
Cumulative proportion of variance explained vector:
[0.41996902 0.60289218 0.7140576  0.80143503 0.88729207 0.95371129
 1.         1.        ]
Weights:
[[ 8.48287612e+07 -5.81765456e+07  4.32101930e+07 -7.76647463e+07
  -3.06341089e+07  3.58272786e+07 -3.53176153e+07]
 [-8.90553605e+07  4.26457404e+07  6.83431225e+07  2.56112699e+07
  -1.89660204e+07 -3.27984752e+07  1.63052275e+07]
 [-6.49888673e+07 -1.91766896e+07 -5.08976401e+07 -6.15416348e+07
  -1.02271740e+07 -2.29160969e+07  4.87793668e+06]
 [-1.63772788e+08  3.62801041e+07 -4.07933003e+07  4.85649446e+07
  -2.11225024e+07 -2.23707416e+06 -1.88350738e+07]
 [ 2.50823074e+07 -7.92886248e+07  6.20549912e+06  3.76311039e+07
   5.70068630e+07 -2.62025963e+07 -3.84041861e+06]
 [ 3.03507468e+08  1.07059520e+08 -2.15641534e+07  4.34624113e+07
   1.37673278e+07 -2.06872576e+07  1.02386688e+07]
 [ 5.73401449e+07 -8.29527225e+07 -1.50118335e+07  2.00947251e+07
  -2.61070419e+07  2.69240539e+07  2.30162486e+07]
 [-1.52941665e+08  5.36092179e+07  1.05081126e+07 -3.61580737e+07
   3.62826568e+07  4.20901677e+07  3.55502602e+06]]
Correct predictions: 14/18 = 77.77777777777779
